1 0
5 0
10 0
27 0
31 0
0 1
10 1
27 1
36 1
23 2
24 2
50 2
18 3
22 3
26 3
55 4
56 4
0 5
6 5
10 5
53 5
57 5
5 6
53 6
62 6
49 7
50 7
18 8
48 8
52 8
81 9
82 9
0 10
1 10
5 10
11 10
79 10
83 10
10 11
79 11
88 11
75 12
76 12
18 13
74 13
78 13
29 14
55 14
81 14
106 14
107 14
27 15
53 15
79 15
104 15
108 15
36 16
62 16
88 16
104 16
113 16
24 17
50 17
100 17
101 17
3 18
8 18
13 18
26 18
52 18
99 18
103 18
28 19
44 19
70 19
41 20
43 20
23 21
42 21
3 22
43 22
2 23
21 23
2 24
17 24
25 24
24 25
34 25
3 26
18 26
0 27
1 27
15 27
19 28
29 28
14 29
28 29
30 29
29 30
35 30
0 31
37 31
35 32
38 32
37 33
39 33
25 34
40 34
30 35
32 35
1 36
16 36
40 36
31 37
33 37
32 38
39 38
33 39
38 39
34 40
36 40
20 41
42 41
21 42
41 42
20 43
22 43
95 43
120 43
19 44
45 44
44 45
54 45
70 45
67 46
69 46
49 47
68 47
8 48
69 48
7 49
47 49
2 50
7 50
17 50
51 50
50 51
60 51
8 52
18 52
5 53
6 53
15 53
45 54
55 54
4 55
14 55
54 55
4 56
61 56
5 57
63 57
61 58
64 58
63 59
65 59
51 60
66 60
56 61
58 61
6 62
16 62
66 62
57 63
59 63
58 64
65 64
59 65
64 65
60 66
62 66
46 67
68 67
47 68
67 68
46 69
48 69
95 69
120 69
19 70
45 70
71 70
70 71
80 71
93 72
95 72
75 73
94 73
13 74
95 74
12 75
73 75
12 76
77 76
76 77
86 77
13 78
10 79
11 79
15 79
71 80
81 80
9 81
14 81
80 81
9 82
87 82
10 83
89 83
87 84
90 84
89 85
91 85
77 86
92 86
82 87
84 87
11 88
16 88
92 88
83 89
85 89
84 90
91 90
85 91
90 91
86 92
88 92
72 93
94 93
73 94
93 94
43 95
69 95
72 95
74 95
120 95
105 96
118 97
120 97
100 98
119 98
18 99
120 99
17 100
98 100
17 101
102 101
101 102
111 102
18 103
15 104
16 104
96 105
106 105
14 106
105 106
14 107
112 107
15 108
114 108
112 109
115 109
114 110
116 110
102 111
117 111
107 112
109 112
16 113
117 113
108 114
110 114
109 115
116 115
110 116
115 116
111 117
113 117
97 118
119 118
98 119
118 119
43 120
69 120
95 120
97 120
99 120
